===== Raw exit velocities =====
evxs: [0.05940988008601516, -8.551727799599846, -0.0323524190708584, 5.8788490654303525, 8.412821625261206, 1.7887054805156142, -0.5006035799145091, 0.0014426322833527385, -0.04767545755119674, 10.420650315263348, -19.862828955901993, -1.9209993840841944, -3.7615214240637034, -0.03634807952138157, 5.064990433707942, 0.14579023927251825, 4.368106712863854, -13.826218127991668, 2.1800627973893426e-15, 2.1690347421497496, 14.969433096408004, -0.0020088846754186076, 0.7360829426651743, -0.20595881916660153, -10.051176951497322, 30.162488042233235, -11.993979376468697, 0.1170402848149439, 8.000382973749343, 6.311165583266143, 0.025084866052572194, 0.8462849755205519, 0.0022068256979982117, 6.460611212378098, 3.563409103238597, 1.9047967112622037, 5.064429747207497, -3.7174596355377268e-06, -0.0007291424611405197, 11.06378858269825, -3.6638487548409016]
evxy: [0.08767345846112434, 17.147237409986907, 0.08986315728261796, 3.2864406034137397, -4.178484921153162, 8.321422000291667, -0.6275660700502916, -0.020623591983051397, -0.25818173353626933, -2.6400659671283533, 28.77586777645437, 4.060934164749231, -10.23536668897213, -3.7234996852909696, -6.83086142934898, -0.09560070132604093, 5.1255407214933655, 13.089435069628058, -0.006101954688678203, 4.64524798932301, 2.007325623371908, -0.00963429800261853, 12.3773302467252, 0.5790937843064387, -6.923458127475143, -22.813824955079625, -11.730370813342514, 0.3428815402603966, -1.8011547705120468, -15.727453260345335, -0.12160590786205913, -1.21067352643739, -0.0071003126235617865, -2.2652518929747427, -6.367965863899926, 12.848447789648414, -31.85215213863498, -0.011079005760017559, -0.012814857574449407, -8.895849618910471, 1.1222675707453516]
evzs: [5.953302856799515, 255.65025355258985, 6.467310617335855, 346.79838027585686, 189.11848036852106, 128.87976971948063, 12.797899876229168, 4.6848575479308, 8.498322206262996, 109.93840015522957, 316.1313307971608, 115.10144783860969, 356.585329269169, 204.66369341568404, 110.77885628825695, 5.747191751945756, 138.29813707480452, 237.84986744466116, 0.1702156376309952, 113.25608416947657, 301.2892115698339, 3.294372194102275, 405.98880878269813, 9.773268962741634, 209.7821872255071, 354.61788595717957, 174.00710813584692, 6.463814559333547, 281.17995329665774, 198.39653694177517, 4.571344829601203, 67.76460812839045, 1.763120711871478, 432.4639073595336, 185.90710387457807, 270.89763487626357, 422.30704763536534, 1.1041582486630053, 4.324104504901622, 199.352553253524, 154.81106590291296]
===== Statistics (mean, std dev) =====
evxs: 1.2946103707257925 , 7.929928407469801
evys: -0.5965788582139273 , 9.920286482528278
evzs: 155.0592421418272 , 136.4692153731905
