===== Raw exit velocities =====
evxs: [9.02517032229602, 0.06010255200155271, 0.9416387354650492, -0.2913608614692217, 0.0043356244560175195, 0.03278576551389527, -34.4208773747656, -9.791054171462156, 14.152083592455666, 12.798965804595717, -0.0012295283983686732, -0.002682381580738087, -0.29914497938374635, -0.004482983858698582, -0.002968938615287814, 0.00011169282784827912, 0.00650556371878898, 0.07078974520157741, 2.210273118262214, -0.009707796532436827, -8.466431489041781, -5.164565774292745, -0.002891972826098408, -0.1110141279746989, 2.2553130370140573, 0.002023591125763052, 0.02587081441957367, -0.149593496786408, 28.122924099992375, 11.672737420135677, -0.007295758918848291, -0.0007799773580435196, -0.0014523374366075775, 9.379559541483154, -0.022085258740218237, -0.15664137876243375, -0.046275523701206134, 0.005659216691311594, 0.03481820096928032, -0.06592239652902654, -0.00683554027827922, 0.0034309981356358105, -16.164079480856596, 2.7407292595277886, -0.2652114198503902]
evxy: [-28.37727704277925, 0.20010049426740237, 2.9126906488598863, -0.5811116376518065, 0.011623663838177943, -0.05732491526761512, 4.533776278068768, 3.1999356946822193, 11.407569004977505, -5.902309910450861, 0.0015554958998924581, -0.11100169503805601, 0.3156323723498694, -0.013534675753237052, -0.03842783219470854, 0.00028919002086500876, -0.004200173208512067, 0.3040958615020213, 1.4565957534878549, -0.008048307009080413, -21.146914851855335, 4.294823880799541, -0.007452226803655612, 0.2345119384581399, 3.4062931297133385, 0.07163584258809585, -0.060288143896320895, -0.2638819574365376, -26.410985393553442, 26.81411728902207, 0.1324565213998098, 0.007522076196839106, -0.015802073707681084, 11.17891903620763, -0.035754985030161265, 0.3644106975099735, -0.03944051005252056, -0.002920238583249462, -0.07791278393686125, -0.7449221940819666, 0.0023469607237991117, -0.0006579566036338226, 4.064910675896268, -7.611223859894868, -0.19741821027541454]
evzs: [373.34767202952906, 14.321194116888037, 59.84447270150096, 12.850868470177751, 14.926098173941293, 13.242549024673385, 342.80861323754493, 153.18212873048085, 175.68158977188142, 513.8360835116422, 14.866749901875071, 11.27940764112905, 17.152881203007894, 15.812248717462426, 12.296128057603072, 15.309088023820758, 15.703577177729542, 11.042511566183249, 111.85993407201245, 13.80385925363283, 388.1307673147881, 196.5631591117333, 14.91361731578087, 12.22517858910776, 44.89765370002013, 12.777672557721978, 13.914582178893156, 14.168146516842933, 578.641466634499, 367.97107620701667, 9.749753393273641, 14.692861195671828, 11.263638772734328, 495.94780937533346, 14.293949512814965, 14.935301742133841, 14.34007891380158, 15.470089095434611, 12.692096341591386, 11.597682794605776, 15.001944307595686, 15.090245292021677, 232.38949904372456, 202.15217672460344, 13.174381769550868]
===== Statistics (mean, std dev) =====
evxs: 0.4020276388193186 , 8.316500874196509
evys: -0.37317775707988465 , 8.29999623529815
evzs: 103.33694408408913 , 157.68827984465622
