===== Raw exit velocities =====
evxs: [-0.27418715594845816, -0.005442598232970867, -0.0004794889971140293, -0.0004699307956778995, 0.009355156676401005, -6.911251211829139e-05, 0.0029351114469734763, 0.00016972437568052787, -8.613436619721493e-05, -0.0025509451462760505, 0.01814865504104161, 0.2881389604108212, 0.025400168664340247, -0.00016130432300504166, -0.002172458303588104, 0.0018166433167996399, -0.000501956037892624, 4.857143687605101e-05, -0.020518454566067365, -0.01380538848910608, 4.072280287589485e-05, 4.926032688878902e-06, -0.020296778870114548, 2.5096694421300967, 0.10880659983586216, -1.5483634833882018, 0.0037358409001354512]
evxy: [-0.5309126843423388, -0.007230144099258262, -0.0037617627998297104, -0.0052218512966233045, -0.0692346912447741, -0.0060545562142334825, -0.015167394346165713, -0.017682403217668684, -0.007289947609496098, -0.0031924519718128943, -0.06802572732164773, -0.1631368231175599, -0.0457133706408324, -0.006634331633642055, -0.018830075311471937, -0.0032196435190171174, -0.005464536329302635, -0.007213933333876165, -0.0011883590328785473, -0.015515326524632856, -0.005241995514705999, -0.006108307653737682, 0.09580105330688295, 0.9587340520552063, -0.19135027452409326, -0.07689062891610983, 0.0018071874477773558]
evzs: [83.23951423033496, 16.611834951814206, 17.643161139818957, 17.31414042234039, 15.360727597587461, 17.245245887913736, 16.67045084993396, 15.98762174808318, 17.270504838296254, 16.974165995234415, 14.900788616343442, 37.92986697864396, 16.705289284622403, 17.660021059879636, 17.1350126986385, 17.393353852271325, 17.836088970638837, 17.269071868494017, 16.912395857023494, 16.097513632003253, 17.409857779124508, 17.66508545582389, 15.203579296820715, 104.91346194053632, 15.536262724989292, 99.57848382356336, 17.32450685908448]
===== Statistics (mean, std dev) =====
evxs: 0.039969086410881656 , 0.5717073706418456
evys: -0.008294034359475651 , 0.21862775488054245
evzs: 26.362518828142928 , 25.110409235228307
