===== Raw exit velocities =====
evxs: [0.003771726812917669, 0.001408483990289442, 1.5720215495397813, -0.12257950366246316, 0.0010426504490682947, 5.779879338125793e-05, -7.218671641346564e-05, -0.0024486430062365537, 0.00027878471104004793, -0.015917836817357332, 0.029151251119672296, 0.00017168705774548427, -1.2146756986722242, 1.4538958268104556, 0.0006054224416710908, -0.0006098852900707293, 0.0038417695741338894, 0.2614092410433751, -0.00031848400962323944, 0.6410054853901861, -0.012878786103128615, 0.040517032260146815, -0.0013707284769704567, -0.002906548244269674, 0.0006099792785565892, 0.0519371032434719, 0.007427711582431558, -0.00192872992620646, 0.008206368517524106]
evxy: [-0.01115878445761599, -0.007386599974758237, 0.8884426451858861, -0.47148499299357194, -0.009571646935234813, -0.007072168637807932, -0.006321775914654031, -0.0058080568414334045, -0.007037484077198024, -0.06303993279066927, 0.0014452156653771168, -0.004422818858956129, 2.118509915434546, -1.634049373644893, -0.024837971801597688, -0.0068306180568856265, 0.007490130281716541, -0.00319076763387084, -0.0077451563650829435, -4.924074813448188, -0.030364544126622914, -0.04778355001479539, -0.026283763141230827, 5.796726540369989e-05, -0.006288470557972806, -0.0763797687202754, 0.004153030730720667, -0.010233495043051348, -0.005754003993261386]
evzs: [13.7673119075603, 15.13424983748221, 201.69148700329234, 83.44126492149724, 14.37447037699513, 14.634298558614619, 15.17382091461022, 14.663249682804393, 14.73493699848817, 14.529184682669001, 14.856678179304177, 13.797307450926034, 146.62255011612876, 69.66133976341933, 14.261823495965103, 14.657395402007841, 13.728691531483182, 12.592421740737176, 14.205271035015222, 284.9757616430504, 14.621713702539834, 13.910661622658617, 14.505503308966931, 13.685784557326107, 15.130746273194383, 15.019101472333551, 13.922431005862569, 14.059695457251726, 14.583666444447466]
===== Statistics (mean, std dev) =====
evxs: 0.09316044281692706 , 0.4664187601324093
evys: -0.1509317811539992 , 1.046683847531808
evzs: 38.99802824436663 , 63.26031100222047
