===== Raw exit velocities =====
evxs: [-0.11448150898278325, 7.73450869792255, -2.2194319970156065e-05, -0.031434297065518896, 0.0011444683959943808, -0.009279288515809569, -2.5330975648678207, 4.98950801706824, 0.09057952060593487, -2.2672133841884164e-07, 0.4888752078499113, -3.174482393776747]
evxy: [0.07771354943958837, -3.2448629241167284, -0.006411342878056279, 0.020142637706119158, -0.022333706895398403, 0.008857422932539398, 3.1944960393990773, -3.539106658191805, -1.4196274984303683, -0.00971826534845528, 0.1874832179492041, 3.186097279756565]
evzs: [213.58951963989685, 319.7912185285338, 0.7643667733518064, 5.38597356022155, 4.837938871419845, 5.6241291171912025, 305.0321382711988, 335.8978734903667, 102.01367756371481, 0.9851932253985669, 49.55861627089421, 319.67526189556946]
===== Statistics (mean, std dev) =====
evxs: 0.6201515364660536 , 2.8410395224697473
evys: -0.13060585405647654 , 1.942150603457924
evzs: 138.59632560064645 , 140.94689173605698
