===== Raw exit velocities =====
evxs: [-0.04585291623834964, -0.005061762898563294, 0.05252144595575575, -0.3612692132870242, -0.03903996871668682, -0.004920108109470153, 0.11736529505465224, 0.037285949564485554, 0.055875255166483, -0.013047402779884601, -0.17436058179195982, -0.2800091340210724, -0.025983119616046862, -0.002375594415640852, 0.025395674569457367, -0.03162150116598843, 4.401640693944216, -0.012160093385608525, 0.03039015868738167, 0.04129385953530172, -1.709376695914991, -0.10291541644169916, 0.7821903918875172, 0.03994896645216117, 3.2344558039623883, 8.117747197650267, 0.05613652974791527, -0.015486556973468957, -0.01180108648040655, -0.016349272154205063]
evxy: [-0.08397043753590504, -0.004933066130821941, 0.026002236142603784, 1.096270386280276, 0.11883596779820128, 0.008242769291152443, 0.15098137924305852, -0.06693015205383154, -0.04951748149194404, 0.0059332661321871, -0.0813735180672201, 0.0009868777574371993, 0.07223987008877658, -0.05438871397454196, -0.004426637996661923, -0.07941396978794742, -2.684427789272968, 0.01575057357991552, -0.05911568313579677, -0.06637322360938817, -1.394856348266046, -0.2973711838760364, -0.39723504832394313, -0.00976652697959781, 0.705659973700774, 3.3681730836654307, -0.030102159873820585, -0.02200129713625671, -0.026882963962247403, 0.023147034777131887]
evzs: [24.369666058389296, 25.234675478040696, 25.868572577736874, 83.87212813706016, 24.025105912367316, 25.72349266321077, 46.00342154497328, 24.807582425052615, 23.142770548713244, 24.634723347668768, 21.712853867919527, 20.593313464098284, 25.347642620539407, 24.993781798146063, 24.448231851258313, 24.56389482933878, 291.2418870031907, 26.304693690656762, 26.809884220865555, 24.465741278550013, 156.0746625991703, 20.656351277280965, 117.83330730854998, 23.714211198148515, 205.99647777943565, 259.80857550788573, 24.509991640763612, 24.638946054274417, 26.2184575206644, 26.36917271632748]
===== Statistics (mean, std dev) =====
evxs: 0.4713538932595639 , 1.7596194865433632
evys: 0.005971240566065672 , 0.866506558214062
evzs: 57.46614056400926 , 72.32573103640706
