===== Raw exit velocities =====
evxs: [-0.0037403210820627785, -5.296494962587007, 0.005939552925114771, -0.12190118297692501, -0.0010229868560623408, -0.019484592915554023, 0.007157643194864089, -0.012676329099120842, 0.006161792218220178, -0.018828020375833095, 0.011939040641730595, -0.0009935391802957186, -0.016754126919954697, -2.8569132232432124, 0.17695477846278707, -0.03128973007893023, -0.03821812779612676, 0.005858407948286598, -9.983723324231496, -0.003303281690683731, -0.17532232673332426, 0.00160474068824063, 0.04756501867422404]
evxy: [0.045383341871525325, 1.6211391198853544, -0.010749019621282892, 0.19290854560271556, -0.015623223296880219, -0.021553347716737524, -0.0233163221474192, 0.000917431610788215, -0.023898212861106712, -0.014365208175778908, 0.09073413376541473, 0.011490298846953344, 0.003992322671004915, 1.5382202233872575, -0.11952404845857023, 0.08744179176845963, 0.04308573069648188, -0.03361801802605282, 1.967313684739424, 0.0017652592993721201, 0.02121450108574807, -0.002145769818364937, -0.05937057113072401]
evzs: [20.642500258025784, 261.58415608270576, 22.302169766259365, 20.603511610565214, 23.577849201014704, 22.28780348808891, 23.03266164264441, 23.22789117763755, 22.900549681530038, 23.720245119110245, 20.30369725881247, 23.1351786572783, 21.50462556318241, 298.56381458063623, 17.273698559532274, 21.2984052552451, 21.945981369090518, 22.86073110123358, 391.15658749380214, 23.27930676539903, 18.708597287676717, 23.432551615915553, 21.58698415923264]
===== Statistics (mean, std dev) =====
evxs: -0.7964123956962226 , 2.297298891929236
evys: 0.23049750625989485 , 0.5794025684862613
evzs: 60.388239030200815 , 101.3659037279597
