===== Raw exit velocities =====
evxs: [0.027246589904958388, 0.3530524267784864, -0.00022486959550257037, -0.042188876894019844, -0.0021615924902730938, -0.007554280250449037, 0.03909563160034847, 0.026185408355314414, -17.99771997519775, 0.0010666788147267283, -7.204457935045415, -0.11109297824718234, -0.010248885111655507, -0.4700051183095802, -0.02556596052291321, -0.007985171191347134, 0.03394569188125149, 0.002505352377145234, -0.012099901355180851, 0.018029369443954762, -0.011618505522917067, 4.289275055605187, -0.3291945870261449, -0.05182076658016179, 0.26692929333934035, -0.23113410431807185, 0.017971329605487113, -0.01734589205079942, 0.0019572645096200855, -0.2475406930320266, 0.42385005431072004, -0.009317321816993527, 0.004575386883806013]
evxy: [0.3526439312165296, 0.19530807587190088, -0.04476116015196473, 0.06625230964661664, 0.2277859633103431, -0.017829982567315772, 0.013287244814079054, -0.040587773051547545, 22.331444538824766, 0.014029236063402516, 0.5654727663071651, -0.26191511697539593, 0.027876428309426708, -1.2872836473102722, 0.06182683779776427, -0.023269327142099824, 0.27022445917831645, -0.026977265958917834, 0.030618430942455758, 0.07257012212650449, -0.05003736209497838, -6.099430394698144, -0.25694459067852815, 0.016832011359395105, -0.38664823411825816, -0.13157546074054038, 0.11146640099144048, 0.012897049479084665, -0.0045830107581886735, -0.04168854429720033, 0.04020156722283408, -0.025369566890974967, -0.004905305933842889]
evzs: [19.510908611363455, 19.040152056405613, 22.225642297878682, 21.409932417140173, 18.19216782927736, 22.858333164093388, 22.817628028432672, 22.9200424719351, 678.4436035221111, 22.843139705818757, 291.3614009349602, 17.888807834930024, 24.08154558722809, 117.72624562974865, 21.979402668914172, 23.05631574020293, 21.497275749401652, 23.269393362780043, 21.476034255764688, 22.103185306370424, 23.822214899266957, 319.1476485202197, 22.68246139586856, 22.991980381363593, 18.08623518637265, 18.866895106291327, 21.673695135773663, 23.48159294298771, 22.63346106659298, 16.927598202602613, 18.656497808552487, 22.456926837023854, 23.93644743473791]
===== Statistics (mean, std dev) =====
evxs: -0.6449573297317587 , 3.399356797577865
evys: 0.4759675948513289 , 4.011447256316328
evzs: 61.51711551795185 , 129.04449783613407
