===== Raw exit velocities =====
evxs: [0.008946772022183243, -0.04771636276300543, 0.0012993011720479587, -1.156419646986062, 0.25428451346769876, -7.801422689166358e-05, 0.005668815036018892, 0.013473271196813972, -0.006017070775595611, -5.2521170831811705, 0.007383669186741691, -6.9542032373667535, -0.02685025727578556, 3.355130977001771, 0.0017936372260722636, 0.001617372536683769, -0.02857974170382429, -2.800517157989649, -0.0010693608878013991, -0.1524530182402049, 0.009142331581037265, -0.1502563595011881, -1.26282197429101, 0.001093814248942666, -0.0353651576822122, -0.7307840648801948, 0.020333089785530136, -0.18788667725087452, 0.0453274471517435, 0.003542565805881639, 0.2940708158773179, 0.0284708188470589]
evxy: [-0.04782753212894189, 0.07655790434557004, 0.004621771704547479, -0.16496791311360398, -0.06007085107424776, -0.009647234603122466, 0.0012313058219285558, -0.047914574632728205, -0.00662845939591194, -2.576641752438548, -0.05869679915998364, 4.521180487370076, -0.061202251944730876, 6.483921831107765, -0.004679800739785605, -0.006793651302495315, -0.10828031649858122, 4.28617770125664, 0.00013079313791235822, -0.284590597017332, -0.01950099366390751, 0.031065404051688245, 9.596058583724616, -0.005961849954653293, 0.026035095973756486, -5.745466925646858, -0.004387027005963084, -0.2551480376803175, -0.1816641143469695, 0.00018935149508943306, 0.02247700406041954, -0.030180911478045233]
evzs: [19.06328731125556, 17.97507506322495, 19.983721688046984, 43.33193105058172, 15.065790154521823, 19.802755997306225, 17.370484115744905, 18.936807673449792, 18.875852857198325, 265.0177978118434, 17.8831193844999, 414.9895731899853, 18.389997264438673, 224.85789617573062, 19.653448049041547, 19.54109046029828, 17.241885524275464, 211.52189970171747, 20.32586884484948, 19.15428288492807, 18.473098785352022, 17.171469997620846, 284.85674854254796, 19.82933408662834, 17.17278866705861, 154.2450463705265, 18.238934998352118, 18.62544668010244, 15.833144166016663, 20.24144248915577, 15.567948648689027, 19.311602357746345]
===== Statistics (mean, std dev) =====
evxs: -0.4606736241518339 , 1.6952285492421517
evys: 0.4802936137569776 , 2.5338250758840744
evzs: 64.32967409352298 , 100.100673665508
