===== Raw exit velocities =====
evxs: [-0.0040020997286969616, -0.13378560411760726, -5.659891555997746e-05, -0.20120897353052714, -5.478908147243462, -0.018935249783150424, -0.0013633488295702438, 35.314279044533855, -0.013624934386650786, 2.9294865473851894, -0.02511353163803836, -0.32031740831477773, 0.0013053342194266316, -10.999774575251637, 0.00017569818920653156, 0.01113928354726731, 0.0024341771785039647, -0.0022100650101962065, 0.13196638499963556, -0.0002998850786341307, -0.17774533061324113, -0.0007566703418617693, 6.329435984436577, -0.10686381889784195, -0.3052463242243444, -0.00034339081087795154, 0.008564840448163902, -0.0003568996711430038, 6.114641801608254e-05, 0.31976241715170645, 6.496587540211432, -0.1223392048607067, 0.002374416498966441, 0.009406751056567606, 4.522694240850423, 6.442793776272684, 0.005600418254479908, -0.0006746601735316429, -0.16915908818888414, -0.007795444402574289, -0.09270471055462741, -0.022519646790204847, 19.027994361183367, 0.010074997828462207, 7.3952379757229965, -6.2295719606027715, -0.00011740160538110424]
evxy: [0.004735348129704114, 0.2869048758903684, -0.0072864446218560185, -0.31445609441129746, -31.031272562585507, 0.28184618603978173, -0.008837661306929725, 10.934282703316525, -0.011991111416513918, 7.205145788968839, -0.08579397464970985, 0.03803363740630559, -0.006726274215087531, -4.456510042890772, -0.008028173029431214, 0.004110325408173218, -0.004667299262427306, -0.010454570633829057, -0.3217752990654225, -0.00584360006924426, -0.29753656246304294, -0.006935177158669683, 9.850119619417436, 0.053179352121749145, -0.09390408055540983, -0.0043147218040458955, -0.016646802548509115, -0.007136267489439525, -0.006082823391403876, 0.004370683753238309, -4.573879963532814, 0.21217086862825538, -0.015735366846634083, -0.025202900044353167, 12.611151857074635, -7.242488433714785, -0.0127858902267605, -0.01048446548312152, -0.305457732180093, 0.000358706256273384, 0.020268979893648773, 0.040958565968430366, 17.96365893784998, 0.0024406512752357234, 7.680833473638907, 3.579531483270726, -0.006639397494176037]
evzs: [9.016340463053536, 10.98553716296314, 10.620299278640323, 25.445620049229525, 237.09899975288928, 13.40940884766598, 11.769993728698353, 488.75899224275906, 8.516180750363967, 210.76281576157874, 9.104687938923261, 17.662164040301892, 10.920184219459234, 409.5893129263971, 10.77606872273703, 9.53465878368303, 10.026076808650787, 8.947708199676274, 23.424975972575492, 11.511693791232858, 8.980222060216398, 10.183001069847752, 152.560581925321, 12.29338781792146, 8.587237483296759, 9.890578248591007, 9.68096878522775, 9.970718488213022, 10.163559124182365, 6.585501100252704, 91.47490305164395, 8.954894375526072, 10.148978287025576, 9.102426118544326, 144.8560296157784, 176.27199816138403, 8.918838309539607, 9.184006068532243, 11.185134664071418, 9.932531478229611, 7.163746615234639, 9.525884855630299, 297.5047386139384, 9.39241991769018, 194.44751744541708, 539.6711280642359, 11.379481455461125]
===== Statistics (mean, std dev) =====
evxs: 1.3728846885706472 , 6.3887736454290955
evys: 0.4654303904514241 , 6.305432903097916
evzs: 70.97642835409431 , 128.5412131025025
