===== Raw exit velocities =====
evxs: [-4.124375531022127, -0.00042404853082104576, 1.240866102789638, -0.013067368895014784, -0.07316304139917942, -3.7768786836671427e-06, 2.5706886211599395e-08, 0.5597230219256066, -2.5226065100869426, -13.629800353473081, -0.24402623586809657, -7.359893809418303, 1.5575385054522857, 1.8888537773313632e-05, 0.7724243011164287, 0.05250572314838086]
evxy: [-2.919634369248134, -0.006044051861001853, 5.368885917562814, -0.025499370889690762, 0.8421332475488417, -0.013781540103007778, -0.003743387802220917, 2.3542501815075974, 0.1754954771381789, -1.5196008831044987, -12.302062255395889, 1.5794678830302973, -1.3103299944790405, -0.01338060771629722, -0.35437711356095447, 0.037824044222990946]
evzs: [617.6416716950184, 3.150608719073006, 158.92429280020724, 3.035692475231466, 268.0134144119189, 1.6819874339897263, 0.5855216563465669, 279.11555776187345, 243.17132898892498, 461.1585335526883, 416.9994475792013, 250.83927001619838, 126.89357197160633, 2.145075857183157, 31.78731539307676, 6.551028175178462]
===== Statistics (mean, std dev) =====
evxs: -1.4865177566809533 , 3.815275092450569
evys: -0.506899801446876 , 3.513458169046587
evzs: 179.48089490548227 , 188.22380199056252
